%YAML:1.0
---
des1: !!opencv-matrix
   rows: 68
   cols: 128
   dt: f
   data: [ 2., 54., 152., 16., 0., 0., 0., 0., 1., 80., 152., 31., 1.,
       0., 0., 0., 14., 135., 42., 0., 0., 0., 0., 0., 3., 4., 0., 0.,
       0., 0., 0., 0., 8., 81., 138., 31., 12., 8., 2., 0., 55., 129.,
       152., 104., 35., 0., 0., 3., 152., 152., 23., 4., 0., 0., 0., 7.,
       41., 13., 1., 0., 0., 0., 0., 1., 1., 11., 45., 31., 29., 20., 2.,
       0., 110., 12., 48., 64., 6., 0., 0., 37., 152., 37., 9., 2., 0.,
       0., 0., 63., 26., 17., 10., 0., 0., 0., 0., 0., 0., 0., 0., 0.,
       0., 0., 0., 0., 6., 0., 0., 0., 0., 0., 0., 3., 18., 2., 1., 0.,
       0., 0., 0., 4., 1., 1., 1., 0., 0., 0., 0., 0., 88., 134., 19.,
       7., 1., 2., 8., 9., 8., 36., 88., 134., 47., 14., 7., 3., 0., 0.,
       21., 53., 14., 13., 6., 0., 0., 0., 0., 0., 0., 0., 0., 0., 36.,
       59., 82., 51., 23., 3., 11., 7., 79., 66., 61., 34., 47., 47.,
       45., 15., 5., 1., 3., 12., 13., 47., 108., 10., 0., 0., 0., 0.,
       0., 0., 0., 0., 76., 17., 23., 73., 93., 6., 0., 7., 134., 33.,
       12., 8., 6., 2., 23., 63., 13., 5., 13., 24., 3., 5., 109., 33.,
       0., 0., 1., 1., 0., 0., 16., 6., 130., 5., 11., 72., 23., 0., 0.,
       32., 134., 2., 1., 1., 0., 0., 45., 134., 5., 0., 0., 0., 0., 1.,
       134., 99., 0., 0., 0., 0., 0., 0., 42., 14., 8., 55., 63., 49.,
       10., 2., 0., 1., 101., 42., 14., 37., 14., 4., 8., 33., 169., 25.,
       0., 0., 0., 0., 23., 169., 98., 2., 1., 1., 0., 0., 9., 155., 9.,
       8., 15., 4., 13., 16., 4., 20., 143., 33., 4., 3., 1., 2., 13.,
       29., 169., 67., 0., 0., 0., 0., 0., 20., 129., 69., 9., 2., 0.,
       0., 0., 10., 14., 26., 2., 2., 72., 26., 1., 5., 127., 36., 5.,
       2., 1., 2., 3., 17., 169., 28., 0., 0., 0., 0., 0., 30., 55., 51.,
       1., 0., 0., 0., 0., 0., 2., 6., 0., 1., 66., 22., 0., 0., 22.,
       15., 0., 0., 0., 0., 0., 0., 26., 3., 0., 0., 0., 0., 0., 1., 1.,
       0., 0., 0., 0., 0., 0., 0., 56., 18., 10., 16., 3., 0., 4., 21.,
       61., 51., 48., 33., 4., 1., 9., 27., 15., 2., 2., 7., 2., 1., 26.,
       35., 0., 0., 0., 0., 0., 0., 0., 0., 15., 4., 9., 84., 39., 2.,
       8., 18., 146., 21., 9., 35., 9., 0., 11., 128., 85., 5., 0., 0.,
       0., 0., 77., 146., 0., 0., 0., 0., 0., 0., 3., 2., 27., 7., 20.,
       64., 18., 2., 11., 28., 146., 98., 0., 6., 5., 1., 8., 64., 146.,
       123., 9., 3., 2., 0., 6., 17., 0., 2., 8., 5., 1., 0., 1., 0.,
       37., 8., 8., 2., 0., 1., 49., 84., 70., 118., 0., 0., 0., 31.,
       64., 31., 54., 146., 94., 7., 0., 6., 4., 2., 0., 9., 115., 28.,
       0., 0., 0., 0., 26., 26., 0., 0., 15., 35., 26., 8., 89., 121.,
       19., 4., 4., 6., 19., 14., 13., 37., 61., 94., 69., 32., 2., 0.,
       0., 0., 13., 48., 28., 46., 21., 0., 47., 41., 10., 12., 8., 8.,
       22., 15., 24., 37., 90., 82., 50., 17., 17., 8., 119., 77., 101.,
       16., 20., 23., 13., 19., 20., 4., 10., 12., 6., 47., 99., 18.,
       28., 26., 15., 12., 29., 21., 5., 8., 50., 18., 25., 82., 129.,
       43., 3., 5., 129., 30., 11., 13., 23., 5., 5., 39., 30., 9., 20.,
       28., 3., 2., 64., 33., 1., 4., 11., 49., 55., 7., 1., 0., 63., 7.,
       19., 94., 63., 0., 0., 6., 129., 4., 1., 8., 5., 0., 10., 129.,
       22., 0., 0., 0., 0., 1., 106., 110., 71., 4., 2., 2., 6., 18., 6.,
       62., 84., 9., 12., 37., 19., 1., 0., 41., 133., 47., 15., 19., 6.,
       3., 4., 48., 26., 10., 8., 67., 20., 28., 15., 12., 95., 3., 4.,
       4., 9., 6., 4., 65., 78., 4., 2., 23., 83., 21., 5., 26., 133.,
       47., 2., 6., 12., 7., 12., 61., 57., 24., 9., 3., 4., 75., 90.,
       23., 79., 9., 2., 2., 4., 4., 31., 68., 49., 13., 19., 14., 22.,
       82., 39., 43., 133., 65., 20., 14., 7., 17., 17., 70., 45., 59.,
       133., 54., 18., 6., 10., 5., 29., 17., 7., 17., 27., 5., 10., 20.,
       22., 35., 64., 85., 56., 7., 3., 15., 65., 133., 58., 25., 14.,
       3., 3., 42., 8., 15., 43., 50., 88., 51., 9., 9., 7., 7., 2., 36.,
       144., 4., 4., 1., 144., 11., 1., 2., 4., 2., 8., 47., 88., 10.,
       9., 4., 0., 0., 13., 49., 0., 0., 6., 4., 0., 0., 30., 46., 27.,
       9., 1., 16., 144., 42., 0., 0., 144., 17., 0., 1., 9., 4., 0.,
       74., 89., 6., 4., 0., 0., 0., 15., 112., 4., 6., 2., 0., 0., 0.,
       19., 32., 20., 4., 0., 3., 144., 84., 0., 0., 144., 62., 0., 1.,
       38., 15., 0., 8., 121., 33., 7., 0., 0., 0., 1., 25., 10., 5., 2.,
       0., 0., 0., 1., 16., 6., 2., 3., 31., 89., 4., 0., 1., 144., 73.,
       2., 9., 37., 2., 0., 6., 137., 66., 0., 0., 0., 0., 1., 16., 2.,
       2., 1., 1., 0., 0., 1., 7., 3., 2., 8., 9., 36., 83., 13., 11.,
       5., 2., 0., 1., 59., 108., 16., 13., 29., 2., 1., 1., 5., 13.,
       59., 145., 4., 0., 0., 0., 21., 106., 69., 64., 8., 2., 6., 3.,
       24., 42., 19., 37., 36., 17., 2., 3., 145., 116., 13., 15., 145.,
       38., 1., 1., 15., 5., 13., 93., 35., 2., 1., 1., 9., 92., 24.,
       44., 0., 0., 0., 1., 34., 11., 6., 5., 36., 3., 0., 5., 145., 64.,
       4., 10., 145., 12., 0., 1., 29., 10., 2., 38., 52., 3., 1., 1.,
       1., 2., 11., 71., 0., 0., 0., 1., 5., 0., 0., 0., 17., 3., 0., 7.,
       127., 23., 0., 1., 145., 47., 0., 0., 28., 14., 0., 13., 75., 15.,
       0., 0., 0., 0., 1., 27., 0., 0., 10., 44., 28., 1., 0., 0., 9.,
       3., 1., 63., 145., 11., 0., 1., 122., 17., 0., 7., 61., 2., 0.,
       22., 10., 0., 0., 0., 0., 0., 0., 4., 4., 12., 26., 55., 32., 2.,
       1., 1., 20., 5., 2., 111., 145., 3., 0., 2., 145., 16., 3., 22.,
       47., 1., 0., 37., 47., 4., 3., 1., 0., 0., 0., 10., 29., 97., 38.,
       72., 25., 1., 0., 1., 24., 3., 31., 126., 145., 17., 1., 4., 145.,
       67., 15., 15., 30., 9., 1., 10., 29., 23., 24., 28., 3., 2., 2.,
       1., 14., 58., 100., 80., 2., 0., 0., 0., 22., 25., 74., 111., 14.,
       1., 1., 2., 106., 98., 8., 5., 3., 1., 1., 3., 31., 35., 12., 14.,
       3., 3., 17., 10., 88., 35., 1., 0., 1., 9., 19., 52., 10., 46.,
       24., 3., 6., 32., 21., 10., 2., 20., 11., 34., 100., 26., 9., 2.,
       6., 1., 0., 12., 61., 41., 26., 16., 89., 113., 33., 2., 7., 36.,
       8., 16., 57., 65., 24., 8., 7., 39., 50., 23., 5., 4., 6., 16.,
       27., 111., 60., 9., 1., 1., 2., 2., 9., 113., 50., 1., 30., 42.,
       8., 0., 20., 113., 68., 84., 102., 37., 12., 22., 12., 26., 45.,
       108., 6., 13., 64., 102., 32., 50., 15., 2., 1., 47., 46., 6., 2.,
       40., 15., 0., 11., 32., 33., 13., 16., 42., 51., 57., 22., 27.,
       3., 2., 6., 80., 88., 64., 1., 2., 5., 9., 15., 113., 113., 3.,
       5., 24., 11., 1., 1., 106., 107., 2., 0., 0., 20., 72., 51., 77.,
       38., 9., 0., 1., 29., 72., 117., 30., 25., 10., 0., 2., 117., 65.,
       85., 36., 48., 19., 0., 8., 117., 18., 2., 38., 70., 15., 10.,
       11., 96., 117., 12., 0., 1., 3., 65., 31., 65., 47., 46., 48.,
       18., 10., 6., 3., 12., 17., 41., 100., 117., 56., 3., 3., 24.,
       27., 36., 78., 94., 39., 17., 4., 27., 77., 0., 1., 32., 63., 83.,
       26., 56., 35., 2., 3., 6., 38., 7., 16., 60., 81., 29., 13., 12.,
       7., 4., 6., 25., 22., 11., 7., 36., 39., 0., 1., 68., 39., 0., 1.,
       16., 18., 1., 3., 87., 84., 1., 0., 1., 4., 8., 97., 75., 36., 2.,
       1., 3., 3., 10., 83., 32., 1., 0., 0., 12., 14., 9., 87., 101.,
       71., 31., 7., 0., 0., 25., 14., 30., 65., 91., 49., 25., 6., 121.,
       21., 0., 0., 8., 50., 23., 22., 121., 41., 14., 19., 5., 0., 0.,
       8., 18., 52., 107., 55., 5., 1., 0., 3., 121., 41., 28., 29., 9.,
       9., 3., 14., 121., 39., 6., 14., 20., 30., 7., 35., 121., 45., 9.,
       36., 21., 2., 2., 17., 50., 15., 8., 3., 10., 38., 27., 14., 121.,
       6., 1., 11., 14., 1., 1., 25., 112., 60., 13., 40., 43., 2., 0.,
       2., 121., 67., 5., 8., 5., 8., 26., 24., 27., 13., 20., 16., 18.,
       35., 14., 13., 111., 7., 0., 1., 14., 6., 3., 21., 67., 25., 0.,
       2., 56., 31., 10., 6., 121., 102., 3., 1., 1., 2., 6., 11., 0.,
       0., 2., 60., 36., 0., 0., 0., 48., 2., 3., 51., 60., 0., 0., 5.,
